%YAML:1.0
e_vectors: !!opencv-matrix
   rows: 20
   cols: 128
   dt: f
   data: [ 9.75493249e-03, 2.66736336e-02, 2.38255821e-02,
       2.11078674e-02, -1.36013879e-02, -3.58914137e-02, -2.49754991e-02,
       -1.64375547e-02, 1.14308633e-01, 3.47226523e-02, -1.61157213e-02,
       -4.29006591e-02, -9.64502394e-02, -4.35276888e-02, 1.28216529e-03,
       6.02581501e-02, -9.97362956e-02, -4.54084910e-02, -5.63450670e-03,
       2.32163724e-02, 5.95046766e-02, 3.23969685e-02, 1.62445270e-02,
       -1.89575441e-02, -8.76190048e-03, 2.17829607e-02, 2.57212520e-02,
       2.40054559e-02, 6.50072517e-03, -9.46756394e-04, -4.11872705e-03,
       -1.76417399e-02, 5.14701270e-02, 1.44797773e-03, 6.58043427e-03,
       1.45671312e-02, -1.40910642e-02, -4.20640819e-02, -3.98966894e-02,
       -2.50663105e-02, 2.83139229e-01, 1.27241816e-02, -9.25498158e-02,
       -1.92706764e-01, -2.36562550e-01, -6.86872154e-02, 5.71490228e-02,
       2.09749982e-01, -2.76221693e-01, -1.93811849e-01, -4.63328287e-02,
       4.77074385e-02, 1.99706376e-01, 1.80571511e-01, 1.10494785e-01,
       1.33341830e-02, -3.02034039e-02, 3.43355462e-02, 4.50179093e-02,
       1.82129797e-02, -1.04437340e-02, 4.23291512e-03, 1.61157139e-02,
       1.49748409e-02, 5.29498905e-02, -3.40566561e-02, -4.02545668e-02,
       -2.60343608e-02, -1.42782722e-02, 5.85557427e-03, 6.28750119e-03,
       1.53256943e-02, 2.80239105e-01, 1.87048882e-01, 4.82914001e-02,
       -6.84776902e-02, -2.33339682e-01, -2.00515434e-01,
       -8.35747272e-02, 3.15542929e-02, -2.70447344e-01, 6.18642895e-03,
       1.01328924e-01, 1.69149727e-01, 2.06006795e-01, 4.77442890e-02,
       -4.28891778e-02, -1.89126104e-01, -2.69157253e-02, 6.03603804e-03,
       8.47659074e-04, -1.64003801e-02, -8.72893073e-03, 3.28341760e-02,
       4.73902188e-02, 4.43385616e-02, 2.79476512e-02, -2.17071753e-02,
       -3.24748978e-02, -3.30830552e-02, -2.66049281e-02, 1.23215364e-02,
       1.95217170e-02, 3.69452313e-02, 1.25412703e-01, 4.59131561e-02,
       -6.71453122e-03, -3.75061817e-02, -9.91981253e-02,
       -4.16671820e-02, -5.42201754e-03, 4.71441448e-02, -1.18684582e-01,
       -2.92421691e-02, 1.49767045e-02, 3.56876515e-02, 6.20842315e-02,
       2.69078817e-02, 1.61650940e-03, -4.25961800e-02, -4.26617311e-03,
       -1.53290927e-02, -1.46146379e-02, -1.23867923e-02,
       -1.03871319e-02, 2.17461269e-02, 2.56265178e-02, 2.88863126e-02,
       3.28004025e-02, -3.98625769e-02, -6.95628375e-02, -3.78568247e-02,
       2.33783685e-02, -2.65564285e-02, -5.71847036e-02, -4.16048579e-02,
       3.39700788e-01, 2.15691179e-02, -1.04312345e-01, -7.50311539e-02,
       3.08440113e-03, -6.03438355e-02, -8.21086243e-02, 1.63199548e-02,
       3.09197664e-01, 1.14276381e-02, -8.55074376e-02, -3.97565775e-02,
       2.55456101e-02, -6.96363226e-02, -9.60620418e-02, 9.29609407e-04,
       4.55403775e-02, -3.27534638e-02, -5.51896021e-02, -2.40075234e-02,
       3.26283351e-02, -2.63919756e-02, -6.80968091e-02, -4.88691926e-02,
       2.75256280e-02, -7.02935457e-02, -1.13836370e-01, -9.32166800e-02,
       8.42955895e-03, -1.80796962e-02, -3.91767286e-02, -3.27137038e-02,
       1.88977316e-01, -4.42780815e-02, -1.30562037e-01, -1.24175549e-01,
       -2.34708861e-02, -5.75037748e-02, -1.03290357e-01,
       -3.98973152e-02, 1.95966080e-01, -4.48711254e-02, -9.89754796e-02,
       -5.73851839e-02, -1.49349617e-02, -1.26591533e-01,
       -1.35640681e-01, -3.46423425e-02, 5.47034070e-02, -3.46170664e-02,
       -5.83404116e-02, -4.08529080e-02, 4.80786053e-04, -6.37729466e-02,
       -8.26334879e-02, -4.53875475e-02, 1.46833817e-02, -4.09384035e-02,
       -6.00526892e-02, -3.74498367e-02, 6.04777085e-03, -5.89239001e-02,
       -9.75427628e-02, -8.04935172e-02, 1.83312237e-01, -4.93247062e-02,
       -1.02550738e-01, -5.23196310e-02, -1.93622764e-02,
       -1.14544913e-01, -1.27318725e-01, -5.36974408e-02, 1.89796701e-01,
       -3.64008322e-02, -1.26616985e-01, -1.27352297e-01,
       -2.13574152e-02, -6.05135560e-02, -9.31248218e-02,
       -4.69137877e-02, 5.36355302e-02, -5.08311130e-02, -8.71379450e-02,
       -7.59977400e-02, -5.55522274e-03, -3.76379192e-02,
       -4.16331850e-02, -2.36262791e-02, 2.73761936e-02, -4.72141877e-02,
       -5.86570092e-02, -2.22099312e-02, 1.90048795e-02, -4.10059020e-02,
       -8.59704092e-02, -5.56249805e-02, 3.03707272e-01, 6.55116420e-03,
       -8.63376185e-02, -4.22570556e-02, 1.67526472e-02, -6.96428269e-02,
       -1.08620755e-01, 1.10144215e-03, 2.95687199e-01, 3.26167047e-02,
       -8.64375755e-02, -6.51203990e-02, 9.61941108e-03, -5.43308817e-02,
       -9.04566273e-02, -9.21261590e-03, 4.41752262e-02, -1.77961159e-02,
       -6.11095913e-02, -5.07000424e-02, 1.42178470e-02, -2.94120628e-02,
       -5.20520657e-02, -3.87052372e-02, 4.31401990e-02, -2.56258603e-02,
       -5.05112000e-02, 2.85261795e-02, 8.51154998e-02, 8.86817183e-03,
       -1.51515342e-02, 7.75871845e-03, -1.80464108e-02, -4.31924984e-02,
       -2.66890507e-02, 5.73620908e-02, 1.28812894e-01, 1.78766120e-02,
       -3.45497839e-02, -2.52353698e-02, -9.97596681e-02,
       -2.98940148e-02, 9.60474927e-03, 8.77676904e-02, 1.92584425e-01,
       3.79935950e-02, -6.93781823e-02, -9.07574743e-02, 4.87229116e-02,
       3.05931903e-02, 1.39748268e-02, 6.45351037e-02, 9.66131166e-02,
       -2.21333411e-02, -8.10333267e-02, -4.28919457e-02, 1.77147258e-02,
       -2.90459394e-02, -3.70608568e-02, 5.87058552e-02, 1.57263100e-01,
       4.06875648e-03, -4.04836982e-02, -9.96192172e-03, -6.10630400e-02,
       -5.17780893e-02, -1.56810991e-02, 1.31724015e-01, 2.20162243e-01,
       -3.86370672e-03, -8.67191255e-02, -9.37282369e-02,
       -7.91755468e-02, -2.06725895e-02, 8.42526276e-03, 1.26000509e-01,
       3.05084854e-01, 4.36344855e-02, -1.36971653e-01, -1.36436328e-01,
       7.64563531e-02, 3.26919220e-02, 7.42712943e-03, 8.11033696e-02,
       1.40804097e-01, -4.28700075e-02, -1.19107313e-01, -2.88854185e-02,
       7.21330242e-03, -1.97450090e-02, -2.04203892e-02, 6.47827759e-02,
       1.91438034e-01, 1.53534934e-02, -8.65683481e-02, -5.78699745e-02,
       -2.66976804e-02, -6.03721850e-02, -3.64085436e-02, 9.54513475e-02,
       2.49830112e-01, 2.57599279e-02, -1.09547436e-01, -1.02791108e-01,
       -8.48058164e-02, -8.61393884e-02, -6.94656819e-02, 1.30354628e-01,
       3.16779047e-01, 3.55456434e-02, -9.10820663e-02, -1.02346718e-01,
       8.12529400e-02, -8.00462719e-03, -6.53077736e-02, 3.79078835e-02,
       1.56882688e-01, -1.28888255e-02, -4.87001911e-02, 3.71904485e-02,
       2.55914014e-02, -4.21592453e-03, -3.86979952e-02, 3.32399718e-02,
       1.37988180e-01, 1.60065629e-02, -5.42071909e-02, -6.13721125e-02,
       -1.07627385e-03, -4.63052578e-02, -6.20203689e-02, 3.33040729e-02,
       1.85498402e-01, 5.92953227e-02, -4.15084846e-02, -7.27782696e-02,
       -4.67114523e-02, -1.21214211e-01, -9.06391963e-02, 5.11523709e-02,
       2.23394841e-01, 7.20905066e-02, 1.72511849e-03, -6.86714752e-03,
       4.87503856e-02, -4.63797189e-02, -7.65851215e-02, -5.80976764e-03,
       1.01777695e-01, 3.27582434e-02, 1.54196220e-02, 4.17977534e-02,
       3.88827198e-03, -6.01787418e-02, -6.55387640e-02, -7.03277066e-03,
       1.11000612e-01, 7.99774751e-02, 7.49542890e-03, 1.03105679e-02,
       6.13755770e-02, -5.31317927e-02, -7.27989599e-02, -2.64105052e-02,
       1.31439939e-01, 6.68842718e-02, 1.24841649e-03, 2.48755552e-02,
       1.71261638e-01, 2.97618266e-02, -4.91415560e-02, -3.92955318e-02,
       3.16869654e-02, 1.31157031e-02, -3.61439865e-03, 2.24131569e-02,
       3.92677784e-02, 1.10331038e-02, -2.29829177e-02, -2.56541353e-02,
       2.46284660e-02, 1.50843980e-02, 6.28075469e-03, 1.94653533e-02,
       3.17333527e-02, -7.44824558e-02, -1.54347092e-01, -1.09421156e-01,
       8.27324018e-02, 1.33176893e-01, 8.14812705e-02, 7.41607472e-02,
       5.90200834e-02, -1.52936101e-01, -2.45793790e-01, -2.13653222e-01,
