%YAML:1.0
e_vectors: !!opencv-matrix
   rows: 20
   cols: 128
   dt: f
   data: [ 9.01693664e-03, 2.13182513e-02, 2.00244505e-02,
       1.30808679e-02, -1.84726138e-02, -3.78825441e-02, -2.25829221e-02,
       -1.30436374e-02, 1.04424566e-01, 2.13801675e-02, -1.94955971e-02,
       -4.55638580e-02, -8.23063254e-02, -3.76059338e-02, 9.14737955e-03,
       5.99490292e-02, -1.07307553e-01, -4.95578274e-02, -6.89995568e-03,
       2.77270693e-02, 7.08028823e-02, 3.85103002e-02, 1.89949330e-02,
       -2.58858111e-02, -2.15824712e-02, 1.33235464e-02, 2.56592464e-02,
       3.32927406e-02, 8.50302167e-03, -5.86684979e-03, -8.09814595e-03,
       -2.09957436e-02, 5.52318990e-02, -8.32973921e-04, -2.51571531e-03,
       -1.65943010e-03, -2.32197549e-02, -3.83155383e-02,
       -3.22794840e-02, -1.62225123e-02, 2.72851229e-01, 2.09011440e-03,
       -9.65181664e-02, -1.89857468e-01, -2.10383013e-01,
       -5.59630096e-02, 7.00324997e-02, 2.07295164e-01, -2.79883921e-01,
       -1.96075246e-01, -5.08367829e-02, 5.68894632e-02, 2.23315731e-01,
       1.94960669e-01, 1.11934111e-01, 4.24636528e-03, -4.86434363e-02,
       1.76933967e-02, 3.90598476e-02, 2.83347871e-02, 4.64445725e-03,
       2.25032843e-03, 8.17218143e-03, 6.13891892e-03, 5.85876070e-02,
       -2.54311804e-02, -3.84759307e-02, -3.34599912e-02,
       -1.97378844e-02, -2.49432307e-03, 1.32060982e-03, 8.15953687e-03,
       2.70381361e-01, 1.97730601e-01, 6.16997592e-02, -5.87274283e-02,
       -2.06960618e-01, -1.93995625e-01, -8.94550756e-02, 1.33487741e-02,
       -2.77561367e-01, -2.76291324e-03, 1.08169802e-01, 1.91404387e-01,
       2.27133885e-01, 5.08432649e-02, -4.98631075e-02, -1.88419923e-01,
       -4.26780954e-02, -4.68169665e-03, 1.06594746e-03, -5.18048694e-03,
       -6.51808106e-04, 3.09724398e-02, 4.05670293e-02, 3.08979712e-02,
       2.23455522e-02, -1.72334053e-02, -2.64986027e-02, -3.47847901e-02,
       -2.10162438e-02, 2.15279986e-03, 1.51316170e-02, 2.66596694e-02,
       1.08036101e-01, 5.53867742e-02, 1.44539273e-03, -3.11027076e-02,
       -7.87257031e-02, -4.75007854e-02, -1.41093154e-02, 2.35067569e-02,
       -1.17346242e-01, -3.17533091e-02, 1.64794568e-02, 4.44924459e-02,
       7.26650283e-02, 2.42957156e-02, -3.87015101e-03, -4.81212102e-02,
       -1.21503863e-02, -2.58944556e-02, -1.94957741e-02,
       -1.21927373e-02, -6.48960471e-03, 2.57077236e-02, 2.52965670e-02,
       2.54499726e-02, 5.73985092e-02, -3.44954692e-02, -7.29601011e-02,
       -2.28907187e-02, 5.09324633e-02, -2.22699512e-02, -5.48119731e-02,
       -2.98772715e-02, 3.51211488e-01, 2.63119433e-02, -9.12456810e-02,
       -5.38490936e-02, 2.27159988e-02, -5.97209744e-02, -1.00146078e-01,
       9.89415776e-03, 2.35632136e-01, -9.40280675e-04, -6.91670626e-02,
       1.25180641e-02, 1.36430919e-01, -5.32385521e-02, -1.33179024e-01,
       -3.72780152e-02, 3.83127630e-02, -2.65400466e-02, -3.93218324e-02,
       2.22802255e-02, 8.93035233e-02, -3.82470787e-02, -9.38694701e-02,
       -6.69241771e-02, 3.27640139e-02, -6.57023862e-02, -1.04608178e-01,
       -5.56079969e-02, 5.73832244e-02, -1.26791587e-02, -4.65493873e-02,
       -3.41148861e-02, 1.55034930e-01, -4.23982330e-02, -9.94508415e-02,
       -6.50319457e-02, 3.39892171e-02, -6.49616197e-02, -1.63793474e-01,
       -1.16630457e-01, 1.49296433e-01, -3.80769111e-02, -6.51158690e-02,
       2.47549023e-02, 1.10175684e-01, -1.47181585e-01, -2.22759932e-01,
       -1.09157145e-01, 6.02911487e-02, -1.93910636e-02, -3.46844941e-02,
       1.58547610e-02, 6.26245365e-02, -9.57901552e-02, -1.28093332e-01,
       -6.11485913e-02, 1.41450902e-02, -4.03918922e-02, -5.06170429e-02,
       -7.49403378e-03, 5.79867475e-02, -4.52668183e-02, -1.04827590e-01,
       -7.79809058e-02, 1.49292067e-01, -8.84881169e-02, -1.14455342e-01,
       -2.02822872e-02, 4.45377491e-02, -8.79425779e-02, -1.28003895e-01,
       -7.17226639e-02, 1.24355249e-01, -8.27301443e-02, -1.58788621e-01,
       -7.72190839e-02, 9.71811265e-02, -4.13609743e-02, -1.03700399e-01,
       -6.00685328e-02, 6.30315095e-02, -5.65329753e-02, -1.04553379e-01,
       -5.59163578e-02, 5.15840799e-02, -4.18892130e-02, -5.47546186e-02,
       -1.08187497e-02, 3.18536647e-02, -3.83603089e-02, -4.83958200e-02,
       -5.31460112e-03, 5.02956249e-02, -2.52219085e-02, -8.44600201e-02,
       -5.49701862e-02, 2.81952471e-01, -9.14789736e-03, -8.61789361e-02,
       -3.10606305e-02, 4.55136709e-02, -4.45065945e-02, -9.52373669e-02,
       3.51015455e-03, 2.21983641e-01, -1.98822469e-02, -1.10303774e-01,
       -4.15846631e-02, 1.18432030e-01, -8.26819986e-03, -7.06427842e-02,
       -7.53611443e-04, 4.85049412e-02, -4.70957235e-02, -8.13054442e-02,
       -3.86319868e-02, 6.92914948e-02, -6.93726121e-03, -3.74819562e-02,
       -1.39547708e-02, 2.97841989e-02, 1.80286670e-03, -1.29239885e-02,
       3.07821091e-02, 4.97225113e-02, 8.79752729e-03, 4.30661021e-03,
       1.97220258e-02, -5.17196991e-02, -2.32894365e-02, 1.74223687e-02,
       7.40507096e-02, 1.08611815e-01, 3.48527580e-02, -1.58076417e-02,
       -1.58828385e-02, -1.63860306e-01, -2.93086711e-02, 3.26067954e-02,
       1.05191641e-01, 1.93234950e-01, 5.62605523e-02, -3.95915136e-02,
       -7.75219575e-02, 1.06613955e-03, 2.43061949e-02, 2.95258109e-02,
       8.30303431e-02, 8.56329277e-02, -1.49419736e-02, -5.34381829e-02,
       -2.59630140e-02, 5.86999394e-03, 1.04153983e-03, 9.56567656e-03,
       7.75278807e-02, 1.08596154e-01, 4.73981583e-03, -2.42410284e-02,
       -5.49670169e-03, -1.11841545e-01, 7.68498518e-03, 4.78182137e-02,
       1.70769230e-01, 2.10255727e-01, 8.35363381e-03, -9.95040536e-02,
       -1.37555867e-01, -8.87019038e-02, 3.30580324e-02, 6.96246922e-02,
       1.95996895e-01, 2.87165642e-01, -1.00737121e-02, -1.57186061e-01,
       -1.42863095e-01, 2.42170114e-02, 3.54437493e-02, 4.74047847e-02,
       1.15760967e-01, 1.19418420e-01, -5.84712848e-02, -1.06481589e-01,
       -2.93663088e-02, -2.51630805e-02, -1.35314523e-03, 8.23940057e-03,
       5.86937927e-02, 1.28735587e-01, 2.90750414e-02, -2.95993574e-02,
       -1.99351329e-02, -1.18433692e-01, -1.09330779e-02, 5.57736494e-02,
       1.21307582e-01, 2.24181786e-01, 8.04148465e-02, -3.61347571e-02,
       -8.09272975e-02, -1.73816860e-01, -6.11251369e-02, 4.73480411e-02,
       2.31047451e-01, 2.40401551e-01, -2.04971414e-02, -5.57116754e-02,
       -5.62684201e-02, 3.84423137e-02, 1.92074068e-02, 9.77535918e-03,
       7.96779916e-02, 8.04839209e-02, -6.35804236e-02, -5.22352047e-02,
       2.62908638e-02, -1.76540539e-02, 1.25459600e-02, 4.77657933e-03,
       3.79459523e-02, 8.17927271e-02, 2.31210832e-02, -7.27299741e-03,
       -3.20246704e-02, -2.12267101e-01, -7.19057471e-02, 1.63029637e-02,
       6.93232194e-02, 1.40228629e-01, 8.49885419e-02, 1.75558235e-02,
       -7.34241381e-02, -2.20284671e-01, -1.32385492e-01,
       -1.11865634e-02, 8.76004025e-02, 1.48406804e-01, 7.08151683e-02,
       4.41109426e-02, -1.40045630e-03, 2.11741719e-02, -2.15250421e-02,
       -2.79725213e-02, 2.76996312e-03, 1.85185466e-02, 2.41484377e-03,
       2.94001624e-02, 5.15178740e-02, -2.26285923e-02, -2.09164359e-02,
       -1.30323265e-02, 7.29374820e-03, 5.62590174e-02, 4.54545841e-02,
       1.65350549e-02, -7.89116044e-03, -2.12716952e-01, -3.90983522e-02,
       9.83874779e-03, 3.62359472e-02, 9.74234417e-02, 7.16741979e-02,
       4.40354757e-02, -6.98716044e-02, -1.45317256e-01, 6.96639996e-03,
       1.67738553e-02, -9.96605307e-03, 3.42235304e-02, 6.54024333e-02,
       3.14171091e-02, -7.12499842e-02, 2.49393508e-02, 3.06244772e-02,
       5.25392708e-04, -6.42107353e-02, -3.74942087e-02, 9.30665154e-03,
       -4.66677919e-03, -5.20198606e-04, -1.90767888e-02,
       -1.60940699e-02, -3.56574915e-02, -1.29893236e-02, 7.48213530e-02,
       5.13118282e-02, 1.48137650e-02, 1.53404670e-02, -5.58336377e-02,
       -8.68618861e-02, -6.46181405e-02, -1.93359125e-02, 1.31691158e-01,
