%YAML:1.0
e_vectors: !!opencv-matrix
   rows: 20
   cols: 128
   dt: f
   data: [ -5.99025749e-03, -2.27709804e-02, -2.56482419e-02,
       -1.80381015e-02, 1.41627667e-02, 3.22135538e-02, 1.97514016e-02,
       1.15728453e-02, -8.39505941e-02, -2.07053702e-02, 1.21079795e-02,
       3.60689200e-02, 7.50962570e-02, 3.43618542e-02, -1.20994439e-02,
       -5.70187271e-02, 1.14825360e-01, 4.42002825e-02, -9.75625182e-04,
       -3.06239929e-02, -6.40923157e-02, -3.88144962e-02,
       -2.10867319e-02, 2.71258373e-02, 1.93991773e-02, -1.74868107e-02,
       -2.90209446e-02, -3.35731134e-02, -4.00805799e-03, 7.35128717e-03,
       7.29221618e-03, 1.69265065e-02, -4.89991307e-02, -1.04985229e-04,
       -4.53642197e-03, -7.27286329e-03, 1.79197099e-02, 3.41405831e-02,
       3.04266214e-02, 1.73241347e-02, -2.62996703e-01, -4.72299289e-04,
       9.32054669e-02, 1.84444979e-01, 2.07416207e-01, 5.20879664e-02,
       -7.91790187e-02, -2.15652838e-01, 2.88458079e-01, 1.94638148e-01,
       4.95716669e-02, -5.50688393e-02, -2.23576978e-01, -2.07497388e-01,
       -1.20975196e-01, -4.74369247e-03, 4.38087098e-02, -2.34277043e-02,
       -4.10722420e-02, -2.50739977e-02, 2.28681864e-04, -8.02939350e-04,
       -8.20089877e-03, -1.06357168e-02, -5.14877103e-02, 2.56687235e-02,
       3.65232453e-02, 2.88157631e-02, 1.37476828e-02, -6.03087060e-03,
       -7.61947827e-03, -7.27369450e-03, -2.61464298e-01,
       -2.06979841e-01, -7.04362243e-02, 5.54078892e-02, 2.04442620e-01,
       1.89652562e-01, 8.69581327e-02, -1.13989264e-02, 2.86247283e-01,
       1.31870178e-03, -1.17189087e-01, -2.02477008e-01, -2.27692217e-01,
       -5.13008125e-02, 4.85751741e-02, 1.87290996e-01, 4.06720452e-02,
       -2.32420792e-03, -3.29602254e-03, 6.01920206e-03, 4.86022001e-03,
       -2.95180734e-02, -4.23414186e-02, -3.30792777e-02,
       -1.81631632e-02, 1.67104583e-02, 2.38810554e-02, 2.92172339e-02,
       1.37946941e-02, -8.64697713e-03, -1.92459617e-02, -2.74312608e-02,
       -9.04195085e-02, -5.29486313e-02, -3.47972056e-03, 2.91931126e-02,
       7.35583380e-02, 3.93538438e-02, 6.77459547e-03, -2.39265542e-02,
       1.22179784e-01, 3.33871543e-02, -1.81699656e-02, -4.47996929e-02,
       -6.82323128e-02, -2.93350015e-02, -3.54930013e-03, 4.19186763e-02,
       1.10225668e-02, 2.33963300e-02, 1.93011612e-02, 1.27972048e-02,
       9.19679925e-03, -2.76281554e-02, -2.93013752e-02, -2.87430901e-02,
       5.73924035e-02, -3.13491113e-02, -7.64169767e-02, -4.24905941e-02,
       1.66634787e-02, -3.99920158e-02, -5.67199811e-02, -3.09254695e-02,
       3.69058162e-01, 2.63416581e-02, -1.03740618e-01, -8.85118395e-02,
       -2.64284723e-02, -6.74193725e-02, -8.81904066e-02, 3.07608955e-02,
       2.28373259e-01, -1.88371949e-02, -8.69119167e-02, -7.72008533e-03,
       1.21214576e-01, -4.36601676e-02, -1.11245438e-01, -1.97902117e-02,
       1.89365447e-02, -3.70089300e-02, -4.57774773e-02, 1.47998529e-02,
       8.99460763e-02, -2.38146819e-02, -7.93086514e-02, -7.10962713e-02,
       5.36680408e-02, -5.92686161e-02, -1.18198395e-01, -9.32944864e-02,
       7.42142554e-03, -2.74378471e-02, -4.11687903e-02, -2.04479881e-02,
       1.79453805e-01, -3.18539552e-02, -1.01463310e-01, -9.68485326e-02,
       -1.08950650e-02, -6.76915497e-02, -1.52925327e-01,
       -9.97663736e-02, 1.52690828e-01, -4.30515148e-02, -6.67293519e-02,
       1.14668598e-02, 7.74247572e-02, -1.51699707e-01, -2.00551346e-01,
       -8.29904005e-02, 2.14218814e-02, -4.11624499e-02, -4.04175334e-02,
       1.82197709e-02, 6.94840327e-02, -6.65984824e-02, -1.00699626e-01,
       -6.92720935e-02, 4.24333028e-02, -3.11822891e-02, -5.10444380e-02,
       -3.33290510e-02, 4.58095130e-03, -7.18707070e-02, -1.05971694e-01,
       -5.97947314e-02, 1.70230791e-01, -9.18413252e-02, -1.25906974e-01,
       -4.35450263e-02, -1.06350542e-03, -9.83424708e-02,
       -1.11293346e-01, -4.66912650e-02, 1.38824284e-01, -7.20560104e-02,
       -1.63409933e-01, -1.09838858e-01, 6.99239820e-02, -3.05496827e-02,
       -8.56891274e-02, -5.20274416e-02, 3.02045494e-02, -7.54185244e-02,
       -9.63455886e-02, -4.63510565e-02, 6.23296238e-02, -2.25931145e-02,
       -4.75519858e-02, -2.40405072e-02, 4.26769778e-02, -3.48851681e-02,
       -4.84778993e-02, -2.69759633e-02, 9.63995699e-03, -4.48541455e-02,
       -8.34635645e-02, -4.40479666e-02, 3.14232558e-01, 1.62338316e-02,
       -7.60785788e-02, -4.07790057e-02, -1.61431544e-03,
       -7.91777521e-02, -1.04134671e-01, 9.12914518e-03, 2.09580809e-01,
       -2.21668207e-03, -9.10139158e-02, -3.48078087e-02, 1.07227333e-01,
       -2.57192571e-02, -8.58789459e-02, -2.63118278e-02, 2.85614152e-02,
       -4.89508249e-02, -6.68542758e-02, -2.81776097e-02, 7.46079981e-02,
       -8.90052225e-03, -4.71839756e-02, -3.00091952e-02,
       -4.16756533e-02, -1.79380819e-04, 1.88249797e-02, -2.81848945e-02,
       -4.53816615e-02, 3.65678081e-03, 9.11884382e-03, -1.63953956e-02,
       -7.51154572e-02, 8.12352449e-03, 1.26754586e-03, -5.62247448e-02,
       -8.58160257e-02, -4.05682949e-03, 4.48734947e-02, -1.08263688e-02,
       5.65692820e-02, 2.51270365e-02, -1.59479231e-02, -1.04774803e-01,
       -1.88734382e-01, -2.26529296e-02, 6.77265674e-02, 4.99302447e-02,
       -3.54706496e-03, -1.00952396e-02, -2.11006235e-02,
       -1.00083575e-01, -1.02604732e-01, 2.52231024e-02, 6.33022711e-02,
       3.07973959e-02, -1.02214832e-02, 6.60758140e-03, -6.33891765e-03,
       -7.38783702e-02, -9.74746719e-02, 7.36068236e-03, 3.30490470e-02,
       1.88703928e-02, 6.16135597e-02, -2.50448138e-02, -4.45285477e-02,
       -1.53584167e-01, -1.63177088e-01, 3.93795930e-02, 1.54306635e-01,
       1.64551750e-01, 1.57196876e-02, -4.10468839e-02, -8.47266167e-02,
       -2.42626816e-01, -2.55019516e-01, 1.15002885e-01, 2.26905033e-01,
       1.50962949e-01, -3.47152203e-02, -3.57325114e-02, -6.64162487e-02,
       -1.47637069e-01, -1.05038442e-01, 1.06691428e-01, 1.35871932e-01,
       3.64017561e-02, 4.53718752e-02, 7.18323002e-03, -1.03569264e-02,
       -6.51967525e-02, -1.19862720e-01, -1.98145919e-02, 3.55516598e-02,
       3.82605270e-02, 8.55960548e-02, -3.99469957e-02, -9.86191183e-02,
       -1.35244966e-01, -1.80629790e-01, -2.50867680e-02, 6.23980463e-02,
       1.07182652e-01, 1.58386916e-01, 2.90360078e-02, -1.04894273e-01,
       -2.73412466e-01, -1.64616525e-01, 1.07043311e-01, 9.60246474e-02,
       7.41278306e-02, -5.93976639e-02, -3.23850773e-02, -3.23138647e-02,
       -8.66212323e-02, -2.70709973e-02, 1.16463549e-01, 7.26292580e-02,
       -2.51065865e-02, 3.54722962e-02, -1.28800457e-03, -4.96765273e-03,
       -4.66573313e-02, -7.98505396e-02, -1.94959622e-02, 1.67216901e-02,
       4.62640487e-02, 2.25333601e-01, 8.27562511e-02, -2.27554459e-02,
       -7.02356473e-02, -1.32770032e-01, -7.07708374e-02,
       -9.45861451e-03, 7.57622495e-02, 1.66114375e-01, 1.11568719e-01,
       1.03049516e-03, -6.94160089e-02, -8.37888420e-02, -3.60158347e-02,
       -3.39488611e-02, -1.40692117e-02, -4.31388430e-02, 5.68640558e-03,
       2.00660024e-02, 7.26141967e-03, 2.56826151e-02, 3.27861346e-02,
       -2.21753567e-02, -5.59331141e-02, -1.07917618e-02,
       -1.82437468e-02, -1.50866238e-02, 1.77152809e-02, 7.06373379e-02,
       4.23733741e-02, 1.23273013e-02, -4.43707500e-03, -2.07390368e-01,
       -3.98515984e-02, 1.58842150e-02, 6.06390536e-02, 1.26695976e-01,
       7.11906180e-02, 2.86393035e-02, -7.78584480e-02, -1.80150568e-01,
       1.09873270e-03, 2.73252595e-02, 2.58776974e-02, 9.17287022e-02,
       6.99789971e-02, 4.21508541e-03, -1.01249695e-01, 2.92103328e-02,
       3.73166353e-02, 7.12522119e-03, -3.46031524e-02, -1.09989885e-02,
       -3.53363506e-03, -3.12852859e-02, -1.46924956e-02,
       -2.00498551e-02, -1.67414993e-02, -2.97602993e-02, 1.65243633e-02,
       1.08986393e-01, 4.52713817e-02, 5.98950137e-04, 6.87718112e-03,
       -8.44915882e-02, -7.99650177e-02, -4.21142019e-02, 4.07591499e-02,
